{
  "pylintrc.pylintrc": 1738637388.1464562,
  "tests/__init__.py": 1738636700.092788,
  "tests/test_calculator.py": 1738637388.1458378
}